      264	2020-01-27 12:00:14	123	1	1	0
     5003	2020-01-27 12:00:18	123	1	1	0
      864	2020-01-27 12:00:22	123	1	1	0
      211	2020-01-27 12:00:25	123	1	1	0
      863	2020-01-27 12:00:30	123	1	1	0
      222	2020-01-27 12:00:32	123	1	1	0
      257	2020-01-27 12:00:39	123	1	1	0
      217	2020-01-27 12:00:44	123	1	1	0
      297	2020-01-27 12:00:47	123	1	1	0
     2200	2020-01-27 12:01:24	123	1	1	0
      258	2020-01-27 12:01:32	123	1	1	0
     5007	2020-01-27 12:01:42	123	1	1	0
     5001	2020-01-27 12:01:47	123	1	1	0
      256	2020-01-27 12:02:20	123	1	1	0
     5006	2020-01-27 12:07:30	123	0	1	0
      222	2020-01-27 12:21:39	123	0	1	0
      207	2020-01-27 12:30:08	123	0	1	0
      217	2020-01-27 12:39:03	123	0	1	0
     5006	2020-01-27 12:41:32	123	0	1	0
      256	2020-01-27 12:42:16	123	0	1	0
      211	2020-01-27 12:42:51	123	0	1	0
     5001	2020-01-27 12:43:41	123	0	1	0
      297	2020-01-27 12:43:48	123	0	1	0
      257	2020-01-27 12:43:52	123	0	1	0
      864	2020-01-27 12:44:03	123	0	1	0
     2200	2020-01-27 12:45:59	123	0	1	0
     5003	2020-01-27 12:50:26	123	0	1	0
      264	2020-01-27 12:50:55	123	0	1	0
      863	2020-01-27 12:51:06	123	0	1	0
      258	2020-01-27 12:51:52	123	0	1	0
     5023	2020-01-27 14:53:03	123	0	1	0
     2432	2020-01-27 15:01:44	123	1	1	0
      863	2020-01-27 17:00:10	123	1	1	0
     5003	2020-01-27 17:00:15	123	1	1	0
      217	2020-01-27 17:00:20	123	1	1	0
     2200	2020-01-27 17:00:37	123	1	1	0
      864	2020-01-27 17:00:41	123	1	1	0
      264	2020-01-27 17:00:46	123	1	1	0
      297	2020-01-27 17:00:50	123	1	1	0
      222	2020-01-27 17:00:53	123	1	1	0
      256	2020-01-27 17:00:56	123	1	1	0
      257	2020-01-27 17:00:57	123	1	1	0
      258	2020-01-27 17:01:01	123	1	1	0
      211	2020-01-27 17:01:07	123	1	1	0
     5006	2020-01-27 17:05:21	123	1	1	0
     5007	2020-01-27 17:06:14	123	0	1	0
     5007	2020-01-27 17:06:21	123	1	1	0
     5076	2020-01-27 22:31:58	123	0	1	0
     5023	2020-01-27 23:02:13	123	1	1	0
     2432	2020-01-28 06:44:18	123	0	1	0
     2200	2020-01-28 06:49:46	123	0	1	0
     5076	2020-01-28 07:00:08	123	1	1	0
      222	2020-01-28 07:15:13	123	0	1	0
     5006	2020-01-28 07:40:32	123	0	1	0
      299	2020-01-28 07:43:37	123	0	1	0
     5007	2020-01-28 07:43:42	123	0	1	0
      864	2020-01-28 07:43:57	123	0	1	0
     5001	2020-01-28 07:46:07	123	0	1	0
      863	2020-01-28 07:50:04	123	0	1	0
      297	2020-01-28 07:50:18	123	0	1	0
      264	2020-01-28 07:52:53	123	0	1	0
      258	2020-01-28 08:07:39	123	0	1	0
      211	2020-01-28 08:13:09	123	0	1	0
      300	2020-01-28 08:27:58	123	0	1	0
     5003	2020-01-28 08:32:02	123	0	1	0
      256	2020-01-28 08:57:58	123	0	1	0
      257	2020-01-28 09:16:52	123	0	1	0
      258	2020-01-28 12:00:05	123	1	1	0
     5003	2020-01-28 12:00:07	123	1	1	0
     2200	2020-01-28 12:00:09	123	1	1	0
      264	2020-01-28 12:00:15	123	1	1	0
      299	2020-01-28 12:00:31	123	1	1	0
      211	2020-01-28 12:00:34	123	1	1	0
      297	2020-01-28 12:00:39	123	1	1	0
      257	2020-01-28 12:00:43	123	1	1	0
     5007	2020-01-28 12:00:47	123	1	1	0
      222	2020-01-28 12:00:56	123	1	1	0
     1589	2020-01-28 12:01:06	123	0	1	0
     5001	2020-01-28 12:01:22	123	1	1	0
      863	2020-01-28 12:01:30	123	1	1	0
     5006	2020-01-28 12:01:33	123	1	1	0
      256	2020-01-28 12:01:38	123	1	1	0
      300	2020-01-28 12:13:25	123	1	1	0
      313	2020-01-28 12:13:29	123	1	1	0
      222	2020-01-28 12:31:58	123	0	1	0
      864	2020-01-28 12:32:24	123	0	1	0
      256	2020-01-28 12:32:34	123	0	1	0
      863	2020-01-28 12:37:07	123	0	1	0
      211	2020-01-28 12:37:33	123	0	1	0
      217	2020-01-28 12:46:57	123	0	1	0
      258	2020-01-28 12:49:00	123	0	1	0
     1589	2020-01-28 12:51:13	123	0	1	0
      264	2020-01-28 12:52:39	123	0	1	0
     5001	2020-01-28 12:56:14	123	0	1	0
     2200	2020-01-28 12:57:26	123	0	1	0
      297	2020-01-28 12:59:00	123	0	1	0
      297	2020-01-28 12:59:10	123	0	1	0
      257	2020-01-28 12:59:12	123	0	1	0
     5007	2020-01-28 12:59:14	123	0	1	0
      299	2020-01-28 12:59:19	123	0	1	0
     5003	2020-01-28 13:04:55	123	0	1	0
      294	2020-01-28 13:31:31	123	0	1	0
     5006	2020-01-28 13:36:35	123	0	1	0
     5023	2020-01-28 14:43:27	123	0	1	0
     2432	2020-01-28 15:01:08	123	1	1	0
      218	2020-01-28 16:09:20	123	0	1	0
      218	2020-01-28 16:09:25	123	1	1	0
      218	2020-01-28 16:17:34	123	0	1	0
      218	2020-01-28 16:17:39	123	1	1	0
     2200	2020-01-28 17:00:05	123	1	1	0
      297	2020-01-28 17:00:08	123	1	1	0
     5007	2020-01-28 17:00:12	123	1	1	0
      264	2020-01-28 17:00:15	123	1	1	0
      257	2020-01-28 17:00:21	123	1	1	0
      863	2020-01-28 17:00:27	123	1	1	0
      258	2020-01-28 17:00:45	123	1	1	0
     5006	2020-01-28 17:01:21	123	1	1	0
      222	2020-01-28 17:01:26	123	1	1	0
     5003	2020-01-28 17:01:32	123	1	1	0
     1589	2020-01-28 17:01:36	123	1	1	0
      211	2020-01-28 17:01:45	123	1	1	0
      256	2020-01-28 17:02:29	123	1	1	0
      864	2020-01-28 17:02:33	123	1	1	0
     5001	2020-01-28 17:02:48	123	1	1	0
      299	2020-01-28 17:10:29	123	1	1	0
      217	2020-01-28 17:10:46	123	1	1	0
      300	2020-01-28 17:47:45	123	1	1	0
      294	2020-01-28 18:08:12	123	0	1	0
      313	2020-01-28 18:08:20	123	0	1	0
     5076	2020-01-28 22:32:42	123	0	1	0
     5023	2020-01-28 23:01:58	123	1	1	0
     2432	2020-01-29 06:32:35	123	0	1	0
     2200	2020-01-29 07:01:33	123	0	1	0
     5076	2020-01-29 07:01:43	123	1	1	0
      222	2020-01-29 07:05:19	123	0	1	0
     5001	2020-01-29 07:35:48	123	0	1	0
      299	2020-01-29 07:54:07	123	0	1	0
     5007	2020-01-29 07:54:09	123	0	1	0
      264	2020-01-29 07:54:14	123	0	1	0
      258	2020-01-29 08:02:00	123	0	1	0
      211	2020-01-29 08:08:30	123	0	1	0
      864	2020-01-29 08:08:38	123	0	1	0
      209	2020-01-29 08:16:19	123	0	1	0
      297	2020-01-29 08:19:08	123	0	1	0
      257	2020-01-29 08:21:36	123	0	1	0
      257	2020-01-29 08:21:37	123	0	1	0
     1589	2020-01-29 08:26:56	123	0	1	0
     5003	2020-01-29 08:34:48	123	0	1	0
     5006	2020-01-29 08:38:01	123	0	1	0
      256	2020-01-29 08:44:49	123	0	1	0
     2200	2020-01-29 12:00:09	123	1	1	0
     5006	2020-01-29 12:00:15	123	1	1	0
      222	2020-01-29 12:00:24	123	1	1	0
      258	2020-01-29 12:00:27	123	1	1	0
      864	2020-01-29 12:00:34	123	1	1	0
      264	2020-01-29 12:01:22	123	1	1	0
     5003	2020-01-29 12:01:26	123	1	1	0
      297	2020-01-29 12:01:29	123	1	1	0
      257	2020-01-29 12:03:44	123	1	1	0
     5007	2020-01-29 12:03:47	123	1	1	0
      256	2020-01-29 12:03:49	123	1	1	0
      299	2020-01-29 12:07:45	123	1	1	0
     5001	2020-01-29 12:07:49	123	1	1	0
      211	2020-01-29 12:07:51	123	1	1	0
      209	2020-01-29 12:18:40	123	1	1	0
      300	2020-01-29 12:21:00	123	0	1	0
     5001	2020-01-29 12:29:33	123	0	1	0
      864	2020-01-29 12:32:17	123	0	1	0
      863	2020-01-29 12:32:22	123	0	1	0
      222	2020-01-29 12:32:31	123	0	1	0
      211	2020-01-29 12:32:38	123	0	1	0
     5006	2020-01-29 12:34:46	123	0	1	0
      257	2020-01-29 12:38:28	123	0	1	0
      297	2020-01-29 12:38:33	123	0	1	0
     5007	2020-01-29 12:38:47	123	0	1	0
      209	2020-01-29 12:49:18	123	1	1	0
      258	2020-01-29 12:52:53	123	0	1	0
     2200	2020-01-29 12:56:41	123	0	1	0
      256	2020-01-29 13:02:19	123	0	1	0
     5003	2020-01-29 13:06:39	123	0	1	0
      264	2020-01-29 13:16:54	123	0	1	0
     5023	2020-01-29 14:45:11	123	0	1	0
     2432	2020-01-29 15:01:20	123	1	1	0
     5007	2020-01-29 16:31:51	123	0	1	0
     5007	2020-01-29 16:31:55	123	1	1	0
      258	2020-01-29 17:00:04	123	1	1	0
     2200	2020-01-29 17:00:07	123	1	1	0
      222	2020-01-29 17:00:15	123	1	1	0
      264	2020-01-29 17:00:22	123	1	1	0
      207	2020-01-29 17:00:27	123	1	1	0
     5003	2020-01-29 17:00:31	123	1	1	0
      297	2020-01-29 17:00:35	123	1	1	0
      257	2020-01-29 17:00:38	123	1	1	0
      256	2020-01-29 17:00:44	123	1	1	0
      864	2020-01-29 17:01:06	123	1	1	0
      863	2020-01-29 17:01:23	123	1	1	0
      211	2020-01-29 17:02:11	123	1	1	0
      209	2020-01-29 17:02:17	123	1	1	0
     5001	2020-01-29 17:02:30	123	1	1	0
      299	2020-01-29 17:03:12	123	1	1	0
      300	2020-01-29 17:16:10	123	1	1	0
      296	2020-01-29 17:16:13	123	1	1	0
     5076	2020-01-29 22:34:31	123	0	1	0
     5023	2020-01-29 23:35:51	123	1	1	0
     2432	2020-01-30 06:42:25	123	0	1	0
     5076	2020-01-30 07:01:26	123	1	1	0
      222	2020-01-30 07:10:15	123	0	1	0
     2200	2020-01-30 07:12:22	123	0	1	0
      258	2020-01-30 07:45:25	123	0	1	0
      863	2020-01-30 07:48:38	123	0	1	0
      257	2020-01-30 07:52:48	123	0	1	0
      257	2020-01-30 07:52:49	123	0	1	0
     5001	2020-01-30 07:52:57	123	0	1	0
      297	2020-01-30 07:56:16	123	0	1	0
      264	2020-01-30 07:57:07	123	0	1	0
      211	2020-01-30 07:58:51	123	0	1	0
     5007	2020-01-30 07:59:50	123	0	1	0
      299	2020-01-30 07:59:55	123	0	1	0
      207	2020-01-30 08:02:07	123	0	1	0
      864	2020-01-30 08:10:04	123	0	1	0
     5003	2020-01-30 08:47:17	123	0	1	0
     5006	2020-01-30 08:57:13	123	0	1	0
      217	2020-01-30 09:08:51	123	0	1	0
      256	2020-01-30 09:52:05	123	0	1	0
     2200	2020-01-30 12:00:07	123	1	1	0
     5003	2020-01-30 12:00:13	123	1	1	0
      264	2020-01-30 12:00:16	123	1	1	0
      217	2020-01-30 12:00:21	123	1	1	0
      211	2020-01-30 12:00:33	123	1	1	0
      222	2020-01-30 12:00:46	123	1	1	0
      864	2020-01-30 12:01:10	123	0	1	0
      864	2020-01-30 12:01:16	123	1	1	0
     5001	2020-01-30 12:01:26	123	1	1	0
     5006	2020-01-30 12:01:39	123	1	1	0
      863	2020-01-30 12:03:39	123	1	1	0
     5007	2020-01-30 12:04:19	123	0	1	0
     5007	2020-01-30 12:04:23	123	1	1	0
      299	2020-01-30 12:04:36	123	1	1	0
      297	2020-01-30 12:04:37	123	1	1	0
      257	2020-01-30 12:04:39	123	1	1	0
      256	2020-01-30 12:05:04	123	1	1	0
      222	2020-01-30 12:35:37	123	0	1	0
      256	2020-01-30 12:37:19	123	0	1	0
      257	2020-01-30 12:37:39	123	0	1	0
      297	2020-01-30 12:37:43	123	0	1	0
      299	2020-01-30 12:37:49	123	0	1	0
     5007	2020-01-30 12:38:33	123	0	1	0
     5006	2020-01-30 12:49:55	123	0	1	0
      264	2020-01-30 12:51:20	123	0	1	0
      258	2020-01-30 12:54:27	123	0	1	0
     2200	2020-01-30 12:58:39	123	0	1	0
      864	2020-01-30 13:14:06	123	0	1	0
      863	2020-01-30 13:14:14	123	0	1	0
     5003	2020-01-30 13:14:16	123	0	1	0
     5001	2020-01-30 13:14:21	123	0	1	0
      211	2020-01-30 13:14:26	123	0	1	0
      217	2020-01-30 13:44:22	123	0	1	0
     5023	2020-01-30 14:43:37	123	0	1	0
     2432	2020-01-30 15:01:23	123	1	1	0
     2200	2020-01-30 17:00:11	123	1	1	0
     5006	2020-01-30 17:00:15	123	1	1	0
     5001	2020-01-30 17:00:19	123	1	1	0
      222	2020-01-30 17:00:25	123	1	1	0
      217	2020-01-30 17:00:32	123	1	1	0
      211	2020-01-30 17:00:38	123	1	1	0
      264	2020-01-30 17:00:41	123	1	1	0
      297	2020-01-30 17:00:43	123	1	1	0
      863	2020-01-30 17:00:49	123	1	1	0
      258	2020-01-30 17:00:55	123	1	1	0
      257	2020-01-30 17:00:59	123	1	1	0
      864	2020-01-30 17:01:25	123	0	1	0
      864	2020-01-30 17:01:33	123	1	1	0
     5003	2020-01-30 17:01:35	123	1	1	0
      299	2020-01-30 17:12:17	123	1	1	0
     5076	2020-01-30 22:31:31	123	0	1	0
     5023	2020-01-30 23:28:04	123	1	1	0
     2432	2020-01-31 06:42:18	123	0	1	0
     5076	2020-01-31 07:00:53	123	1	1	0
     2200	2020-01-31 07:02:31	123	0	1	0
      222	2020-01-31 07:05:07	123	0	1	0
     5001	2020-01-31 07:05:20	123	0	1	0
     5006	2020-01-31 07:41:17	123	0	1	0
      863	2020-01-31 07:47:00	123	0	1	0
      264	2020-01-31 07:49:54	123	0	1	0
      258	2020-01-31 07:51:03	123	0	1	0
      257	2020-01-31 07:52:57	123	0	1	0
      297	2020-01-31 07:58:07	123	0	1	0
     5007	2020-01-31 07:59:07	123	0	1	0
      299	2020-01-31 07:59:10	123	0	1	0
      211	2020-01-31 08:03:20	123	0	1	0
      209	2020-01-31 08:10:45	123	0	1	0
     5003	2020-01-31 08:17:52	123	0	1	0
      300	2020-01-31 08:58:41	123	0	1	0
     5006	2020-01-31 12:00:01	123	0	1	0
     2200	2020-01-31 12:00:08	123	1	1	0
     5003	2020-01-31 12:00:13	123	1	1	0
      264	2020-01-31 12:00:20	123	1	1	0
      258	2020-01-31 12:00:26	123	1	1	0
      257	2020-01-31 12:00:30	123	1	1	0
      297	2020-01-31 12:00:34	123	1	1	0
      207	2020-01-31 12:00:44	123	1	1	0
      211	2020-01-31 12:00:48	123	1	1	0
     5007	2020-01-31 12:00:57	123	1	1	0
      299	2020-01-31 12:01:05	123	1	1	0
     5001	2020-01-31 12:01:37	123	1	1	0
      222	2020-01-31 12:02:06	123	1	1	0
      256	2020-01-31 12:02:53	123	1	1	0
      863	2020-01-31 12:03:23	123	1	1	0
      209	2020-01-31 12:05:42	123	1	1	0
      257	2020-01-31 12:30:02	123	0	1	0
      297	2020-01-31 12:30:06	123	0	1	0
     5006	2020-01-31 12:30:09	123	0	1	0
      299	2020-01-31 12:30:19	123	0	1	0
      222	2020-01-31 12:32:48	123	0	1	0
     5007	2020-01-31 12:33:08	123	0	1	0
     5006	2020-01-31 12:35:37	123	0	1	0
      211	2020-01-31 12:38:19	123	0	1	0
      256	2020-01-31 12:42:12	123	0	1	0
     2200	2020-01-31 12:49:32	123	0	1	0
     5001	2020-01-31 12:55:36	123	0	1	0
      258	2020-01-31 12:55:47	123	0	1	0
      264	2020-01-31 12:55:59	123	0	1	0
      209	2020-01-31 13:00:03	123	1	1	0
     5003	2020-01-31 13:09:33	123	0	1	0
      863	2020-01-31 13:18:21	123	0	1	0
     5023	2020-01-31 14:33:25	123	0	1	0
     2432	2020-01-31 15:01:06	123	1	1	0
      211	2020-01-31 17:00:11	123	1	1	0
     5003	2020-01-31 17:00:13	123	1	1	0
     2200	2020-01-31 17:00:17	123	1	1	0
      258	2020-01-31 17:00:28	123	1	1	0
      863	2020-01-31 17:00:34	123	1	1	0
     5001	2020-01-31 17:00:43	123	1	1	0
      222	2020-01-31 17:00:46	123	1	1	0
      264	2020-01-31 17:00:52	123	1	1	0
      257	2020-01-31 17:00:54	123	1	1	0
      299	2020-01-31 17:01:17	123	1	1	0
      209	2020-01-31 17:01:50	123	0	1	0
      256	2020-01-31 17:02:00	123	1	1	0
      297	2020-01-31 17:02:03	123	1	1	0
     5007	2020-01-31 17:02:11	123	1	1	0
      300	2020-01-31 17:02:54	123	1	1	0
     5006	2020-01-31 17:05:27	123	1	1	0
     5076	2020-01-31 22:35:21	123	0	1	0
     5023	2020-01-31 23:04:27	123	1	1	0
     5076	2020-02-01 07:00:15	123	1	1	0
     5023	2020-02-03 06:32:06	123	0	1	0
     2200	2020-02-03 06:58:14	123	0	1	0
      222	2020-02-03 07:00:14	123	0	1	0
      299	2020-02-03 07:36:05	123	0	1	0
     1589	2020-02-03 07:40:11	123	0	1	0
     5001	2020-02-03 07:40:59	123	0	1	0
      264	2020-02-03 07:42:29	123	0	1	0
      864	2020-02-03 07:51:32	123	0	1	0
      258	2020-02-03 07:54:57	123	0	1	0
      207	2020-02-03 07:58:51	123	0	1	0
      211	2020-02-03 08:01:35	123	0	1	0
     5003	2020-02-03 08:03:48	123	0	1	0
     5006	2020-02-03 08:48:06	123	0	1	0
      217	2020-02-03 08:54:25	123	0	1	0
      257	2020-02-03 09:07:50	123	0	1	0
      294	2020-02-03 09:09:10	123	0	1	0
      256	2020-02-03 09:11:13	123	0	1	0
      313	2020-02-03 09:16:51	123	0	1	0
      300	2020-02-03 09:16:54	123	0	1	0
      297	2020-02-03 09:32:45	123	0	1	0
     2200	2020-02-03 12:00:16	123	1	1	0
      222	2020-02-03 12:00:22	123	1	1	0
     5003	2020-02-03 12:00:32	123	1	1	0
      299	2020-02-03 12:00:34	123	1	1	0
      258	2020-02-03 12:00:43	123	1	1	0
      264	2020-02-03 12:00:48	123	1	1	0
      297	2020-02-03 12:00:50	123	1	1	0
      257	2020-02-03 12:00:54	123	1	1	0
      256	2020-02-03 12:01:11	123	1	1	0
      864	2020-02-03 12:01:39	123	1	1	0
      217	2020-02-03 12:01:47	123	0	1	0
     1589	2020-02-03 12:01:58	123	0	1	0
      211	2020-02-03 12:02:07	123	1	1	0
     5006	2020-02-03 12:02:24	123	1	1	0
      222	2020-02-03 12:30:08	123	0	1	0
      257	2020-02-03 12:30:27	123	0	1	0
      299	2020-02-03 12:30:33	123	0	1	0
      297	2020-02-03 12:30:41	123	0	1	0
     5001	2020-02-03 12:31:25	123	1	1	0
      864	2020-02-03 12:32:03	123	0	1	0
      211	2020-02-03 12:32:52	123	0	1	0
      217	2020-02-03 12:33:05	123	0	1	0
     5003	2020-02-03 12:38:20	123	0	1	0
      256	2020-02-03 12:41:14	123	0	1	0
     5006	2020-02-03 12:42:39	123	0	1	0
     5001	2020-02-03 12:43:55	123	0	1	0
     1589	2020-02-03 12:44:54	123	0	1	0
      264	2020-02-03 12:46:21	123	0	1	0
     2200	2020-02-03 12:53:08	123	0	1	0
      209	2020-02-03 12:57:08	123	0	1	0
      258	2020-02-03 12:58:59	123	0	1	0
     2432	2020-02-03 14:39:49	123	0	1	0
      258	2020-02-03 15:13:19	123	1	1	0
      256	2020-02-03 17:00:17	123	1	1	0
      264	2020-02-03 17:00:22	123	1	1	0
     5003	2020-02-03 17:00:24	123	1	1	0
      217	2020-02-03 17:00:28	123	1	1	0
     1589	2020-02-03 17:00:35	123	1	1	0
      222	2020-02-03 17:00:42	123	1	1	0
      864	2020-02-03 17:00:47	123	1	1	0
      211	2020-02-03 17:01:00	123	1	1	0
     5006	2020-02-03 17:01:03	123	1	1	0
      297	2020-02-03 17:01:42	123	1	1	0
      257	2020-02-03 17:01:43	123	1	1	0
      299	2020-02-03 17:03:20	123	1	1	0
     5001	2020-02-03 17:15:26	123	1	1	0
      209	2020-02-03 17:17:21	123	1	1	0
     5076	2020-02-03 22:36:31	123	0	1	0
     2432	2020-02-03 23:01:19	123	1	1	0
      222	2020-02-04 07:00:35	123	0	1	0
     5076	2020-02-04 07:27:06	123	1	1	0
     5001	2020-02-04 07:29:12	123	0	1	0
      264	2020-02-04 07:39:49	123	0	1	0
      299	2020-02-04 07:41:38	123	0	1	0
      257	2020-02-04 07:43:58	123	0	1	0
     5023	2020-02-04 07:47:57	123	0	1	0
      258	2020-02-04 07:52:56	123	0	1	0
      298	2020-02-04 07:54:43	123	0	1	0
      211	2020-02-04 07:57:49	123	0	1	0
      217	2020-02-04 08:43:06	123	0	1	0
      300	2020-02-04 09:29:34	123	0	1	0
      313	2020-02-04 09:44:18	123	0	1	0
     2200	2020-02-04 09:50:29	123	0	1	0
     5006	2020-02-04 10:22:41	123	0	1	0
      294	2020-02-04 11:16:07	123	0	1	0
      264	2020-02-04 12:01:12	123	1	1	0
     2200	2020-02-04 12:01:15	123	1	1	0
      258	2020-02-04 12:01:20	123	1	1	0
      299	2020-02-04 12:01:24	123	1	1	0
      217	2020-02-04 12:01:29	123	1	1	0
      298	2020-02-04 12:01:32	123	1	1	0
     5006	2020-02-04 12:02:00	123	0	1	0
      211	2020-02-04 12:02:08	123	1	1	0
      222	2020-02-04 12:02:26	123	1	1	0
     5001	2020-02-04 12:02:33	123	1	1	0
      222	2020-02-04 12:30:41	123	0	1	0
      863	2020-02-04 12:30:48	123	0	1	0
      298	2020-02-04 12:30:55	123	0	1	0
      211	2020-02-04 12:32:09	123	0	1	0
     5006	2020-02-04 12:36:02	123	0	1	0
      297	2020-02-04 12:36:33	123	0	1	0
      299	2020-02-04 12:36:38	123	0	1	0
      257	2020-02-04 12:37:34	123	1	1	0
      264	2020-02-04 12:48:53	123	0	1	0
     5001	2020-02-04 12:49:31	123	0	1	0
      258	2020-02-04 12:54:12	123	0	1	0
     2200	2020-02-04 12:57:31	123	0	1	0
      257	2020-02-04 13:03:14	123	0	1	0
      256	2020-02-04 13:54:34	123	0	1	0
     2432	2020-02-04 14:21:41	123	0	1	0
     2200	2020-02-04 17:00:45	123	1	1	0
      298	2020-02-04 17:00:50	123	1	1	0
      222	2020-02-04 17:00:52	123	1	1	0
      211	2020-02-04 17:00:56	123	1	1	0
      264	2020-02-04 17:01:00	123	1	1	0
      863	2020-02-04 17:01:25	123	1	1	0
      256	2020-02-04 17:01:34	123	1	1	0
     5001	2020-02-04 17:01:44	123	0	1	0
     5001	2020-02-04 17:01:52	123	1	1	0
      297	2020-02-04 17:01:55	123	1	1	0
      258	2020-02-04 17:02:14	123	1	1	0
      257	2020-02-04 17:02:23	123	1	1	0
     5006	2020-02-04 17:08:59	123	1	1	0
     5076	2020-02-04 22:31:37	123	0	1	0
     2432	2020-02-04 23:00:30	123	1	1	0
     5023	2020-02-05 06:45:19	123	0	1	0
     2200	2020-02-05 06:53:26	123	0	1	0
     5076	2020-02-05 07:00:39	123	1	1	0
      222	2020-02-05 07:00:50	123	1	1	0
     5001	2020-02-05 07:25:30	123	0	1	0
      264	2020-02-05 07:28:53	123	0	1	0
      299	2020-02-05 07:47:28	123	0	1	0
      864	2020-02-05 07:50:55	123	0	1	0
      298	2020-02-05 07:54:30	123	0	1	0
      211	2020-02-05 07:54:33	123	0	1	0
      257	2020-02-05 07:55:04	123	0	1	0
      209	2020-02-05 07:57:14	123	0	1	0
      863	2020-02-05 07:59:27	123	0	1	0
     5003	2020-02-05 08:24:31	123	0	1	0
      297	2020-02-05 08:51:00	123	0	1	0
      217	2020-02-05 08:56:46	123	0	1	0
      256	2020-02-05 09:44:42	123	0	1	0
     2200	2020-02-05 12:00:17	123	1	1	0
      222	2020-02-05 12:00:23	123	1	1	0
      298	2020-02-05 12:00:26	123	1	1	0
      217	2020-02-05 12:00:30	123	1	1	0
      211	2020-02-05 12:00:45	123	1	1	0
     5001	2020-02-05 12:01:56	123	1	1	0
      297	2020-02-05 12:02:05	123	1	1	0
      257	2020-02-05 12:02:28	123	0	1	0
     5003	2020-02-05 12:03:05	123	0	1	0
      299	2020-02-05 12:04:04	123	1	1	0
      863	2020-02-05 12:04:21	123	1	1	0
      264	2020-02-05 12:05:14	123	1	1	0
      256	2020-02-05 12:05:48	123	1	1	0
      296	2020-02-05 12:06:28	123	1	1	0
      209	2020-02-05 12:06:30	123	1	1	0
      222	2020-02-05 12:30:17	123	0	1	0
      298	2020-02-05 12:30:25	123	0	1	0
      864	2020-02-05 12:30:33	123	1	1	0
     5006	2020-02-05 12:32:35	123	0	1	0
      217	2020-02-05 12:32:56	123	0	1	0
      299	2020-02-05 12:33:02	123	0	1	0
      297	2020-02-05 12:33:09	123	0	1	0
      257	2020-02-05 12:33:11	123	0	1	0
      211	2020-02-05 12:34:04	123	0	1	0
      863	2020-02-05 12:36:43	123	0	1	0
     5001	2020-02-05 12:39:25	123	0	1	0
      864	2020-02-05 12:41:31	123	0	1	0
      256	2020-02-05 12:44:06	123	0	1	0
      209	2020-02-05 12:56:52	123	0	1	0
     2200	2020-02-05 12:58:05	123	0	1	0
      300	2020-02-05 13:02:16	123	0	1	0
      264	2020-02-05 13:07:09	123	0	1	0
     5003	2020-02-05 13:23:48	123	0	1	0
     2432	2020-02-05 14:54:54	123	0	1	0
     5023	2020-02-05 15:07:00	123	1	1	0
     2200	2020-02-05 17:00:45	123	1	1	0
      217	2020-02-05 17:00:52	123	1	1	0
      298	2020-02-05 17:01:01	123	1	1	0
      211	2020-02-05 17:01:15	123	1	1	0
      264	2020-02-05 17:01:24	123	1	1	0
     5001	2020-02-05 17:01:47	123	1	1	0
      864	2020-02-05 17:01:53	123	1	1	0
      297	2020-02-05 17:01:59	123	1	1	0
      299	2020-02-05 17:02:03	123	1	1	0
      257	2020-02-05 17:02:18	123	1	1	0
      863	2020-02-05 17:03:14	123	1	1	0
     5006	2020-02-05 17:03:17	123	1	1	0
      222	2020-02-05 17:07:52	123	1	1	0
      300	2020-02-05 17:08:10	123	1	1	0
     5076	2020-02-05 22:38:49	123	0	1	0
     2432	2020-02-05 23:00:18	123	1	1	0
     5023	2020-02-06 06:43:40	123	0	1	0
     2200	2020-02-06 06:52:25	123	0	1	0
      222	2020-02-06 07:00:18	123	0	1	0
     5076	2020-02-06 07:00:33	123	1	1	0
      299	2020-02-06 07:41:15	123	0	1	0
     5001	2020-02-06 07:49:03	123	0	1	0
      863	2020-02-06 07:49:48	123	0	1	0
      209	2020-02-06 07:54:36	123	0	1	0
      258	2020-02-06 07:55:15	123	0	1	0
      864	2020-02-06 08:07:46	123	0	1	0
      211	2020-02-06 08:08:28	123	0	1	0
      298	2020-02-06 08:13:20	123	0	1	0
      297	2020-02-06 08:39:30	123	0	1	0
      264	2020-02-06 08:42:53	123	0	1	0
     5006	2020-02-06 08:47:22	123	0	1	0
      217	2020-02-06 08:54:54	123	0	1	0
      300	2020-02-06 09:38:27	123	0	1	0
      257	2020-02-06 10:01:45	123	0	1	0
     2200	2020-02-06 12:00:13	123	1	1	0
      298	2020-02-06 12:00:30	123	1	1	0
      258	2020-02-06 12:00:33	123	1	1	0
      863	2020-02-06 12:00:37	123	1	1	0
      222	2020-02-06 12:00:42	123	1	1	0
      864	2020-02-06 12:00:45	123	1	1	0
      217	2020-02-06 12:01:00	123	1	1	0
      211	2020-02-06 12:01:06	123	1	1	0
      264	2020-02-06 12:01:10	123	1	1	0
      297	2020-02-06 12:01:21	123	1	1	0
      257	2020-02-06 12:01:27	123	1	1	0
      299	2020-02-06 12:01:30	123	1	1	0
     5001	2020-02-06 12:04:22	123	1	1	0
     5006	2020-02-06 12:06:56	123	1	1	0
      209	2020-02-06 12:16:07	123	1	1	0
      211	2020-02-06 12:20:44	123	0	1	0
      300	2020-02-06 12:21:38	123	1	1	0
      222	2020-02-06 12:30:07	123	0	1	0
      298	2020-02-06 12:30:16	123	0	1	0
      257	2020-02-06 12:33:08	123	0	1	0
      297	2020-02-06 12:33:15	123	0	1	0
      299	2020-02-06 12:33:19	123	0	1	0
      864	2020-02-06 12:34:02	123	0	1	0
      217	2020-02-06 12:34:10	123	0	1	0
      863	2020-02-06 12:36:36	123	0	1	0
     5006	2020-02-06 12:38:55	123	0	1	0
     5001	2020-02-06 12:47:28	123	0	1	0
      264	2020-02-06 12:56:59	123	0	1	0
     2200	2020-02-06 12:57:08	123	0	1	0
      209	2020-02-06 13:00:27	123	0	1	0
      258	2020-02-06 13:00:30	123	0	1	0
      256	2020-02-06 14:32:42	123	0	1	0
     2432	2020-02-06 14:32:51	123	0	1	0
      257	2020-02-06 17:00:05	123	1	1	0
      298	2020-02-06 17:00:08	123	1	1	0
      258	2020-02-06 17:00:11	123	1	1	0
     2200	2020-02-06 17:00:17	123	1	1	0
      264	2020-02-06 17:00:20	123	1	1	0
      217	2020-02-06 17:00:23	123	1	1	0
      209	2020-02-06 17:00:30	123	1	1	0
      297	2020-02-06 17:00:35	123	1	1	0
      222	2020-02-06 17:00:42	123	1	1	0
      299	2020-02-06 17:00:48	123	1	1	0
      863	2020-02-06 17:00:56	123	1	1	0
      864	2020-02-06 17:01:02	123	1	1	0
     5001	2020-02-06 17:01:13	123	1	1	0
      300	2020-02-06 17:04:50	123	1	1	0
      296	2020-02-06 17:04:52	123	1	1	0
      256	2020-02-06 17:06:55	123	1	1	0
     5076	2020-02-06 22:36:42	123	0	1	0
     2432	2020-02-06 23:01:05	123	1	1	0
     2200	2020-02-07 06:46:17	123	0	1	0
     5023	2020-02-07 06:58:16	123	0	1	0
     5076	2020-02-07 07:00:58	123	1	1	0
      222	2020-02-07 07:06:03	123	0	1	0
      863	2020-02-07 07:48:46	123	0	1	0
      299	2020-02-07 07:50:29	123	0	1	0
     5007	2020-02-07 07:50:37	123	0	1	0
     5001	2020-02-07 07:52:37	123	0	1	0
      211	2020-02-07 07:53:18	123	0	1	0
      209	2020-02-07 08:00:48	123	0	1	0
     5003	2020-02-07 08:43:30	123	0	1	0
      864	2020-02-07 08:46:41	123	0	1	0
      217	2020-02-07 09:20:59	123	0	1	0
     5006	2020-02-07 09:43:04	123	0	1	0
      256	2020-02-07 10:25:49	123	0	1	0
     2200	2020-02-07 12:00:11	123	1	1	0
      222	2020-02-07 12:00:21	123	1	1	0
      217	2020-02-07 12:00:26	123	1	1	0
     5001	2020-02-07 12:00:38	123	1	1	0
      863	2020-02-07 12:00:57	123	1	1	0
     5003	2020-02-07 12:01:03	123	1	1	0
      211	2020-02-07 12:01:04	123	1	1	0
      299	2020-02-07 12:01:15	123	1	1	0
     5007	2020-02-07 12:01:28	123	1	1	0
      256	2020-02-07 12:05:40	123	1	1	0
      209	2020-02-07 12:06:39	123	1	1	0
      864	2020-02-07 12:06:43	123	1	1	0
     5006	2020-02-07 12:08:25	123	1	1	0
      222	2020-02-07 12:30:37	123	0	1	0
      864	2020-02-07 12:30:46	123	0	1	0
      863	2020-02-07 12:31:22	123	0	1	0
      217	2020-02-07 12:31:27	123	0	1	0
     5003	2020-02-07 12:31:32	123	0	1	0
     5001	2020-02-07 12:43:26	123	0	1	0
     5007	2020-02-07 12:45:44	123	0	1	0
      211	2020-02-07 12:45:50	123	0	1	0
      299	2020-02-07 12:46:47	123	0	1	0
     5006	2020-02-07 12:49:19	123	0	1	0
     2200	2020-02-07 12:58:05	123	0	1	0
      209	2020-02-07 13:00:36	123	0	1	0
      256	2020-02-07 13:09:18	123	0	1	0
     2432	2020-02-07 14:52:30	123	0	1	0
     5023	2020-02-07 15:01:45	123	1	1	0
     2200	2020-02-07 17:00:05	123	1	1	0
      217	2020-02-07 17:00:11	123	1	1	0
     5003	2020-02-07 17:00:21	123	1	1	0
     5007	2020-02-07 17:00:25	123	1	1	0
      299	2020-02-07 17:00:32	123	1	1	0
      222	2020-02-07 17:00:37	123	1	1	0
      864	2020-02-07 17:00:41	123	1	1	0
      863	2020-02-07 17:01:00	123	1	1	0
      294	2020-02-07 17:02:14	123	1	1	0
      211	2020-02-07 17:02:29	123	1	1	0
      256	2020-02-07 17:02:38	123	1	1	0
     5001	2020-02-07 17:02:55	123	0	1	0
      209	2020-02-07 17:03:17	123	1	1	0
     5006	2020-02-07 17:10:48	123	1	1	0
     5076	2020-02-07 22:31:48	123	0	1	0
     2432	2020-02-07 23:01:33	123	1	1	0
     5076	2020-02-08 07:00:38	123	1	1	0
      206	2020-02-09 15:46:33	123	0	1	0
     2200	2020-02-10 06:46:20	123	0	1	0
     5023	2020-02-10 06:49:46	123	0	1	0
      299	2020-02-10 07:44:08	123	0	1	0
     5001	2020-02-10 07:55:59	123	0	1	0
     5006	2020-02-10 08:09:20	123	0	1	0
      298	2020-02-10 08:11:39	123	0	1	0
      211	2020-02-10 08:12:38	123	0	1	0
      264	2020-02-10 08:23:35	123	0	1	0
      256	2020-02-10 09:24:21	123	0	1	0
      256	2020-02-10 11:49:06	123	1	1	0
      264	2020-02-10 12:00:12	123	1	1	0
     2200	2020-02-10 12:00:19	123	1	1	0
      298	2020-02-10 12:00:28	123	1	1	0
      211	2020-02-10 12:00:32	123	1	1	0
      297	2020-02-10 12:00:52	123	1	1	0
     5001	2020-02-10 12:01:07	123	1	1	0
      299	2020-02-10 12:01:09	123	1	1	0
     5006	2020-02-10 12:01:44	123	1	1	0
      298	2020-02-10 12:30:13	123	0	1	0
     5006	2020-02-10 12:33:54	123	0	1	0
     5001	2020-02-10 12:42:29	123	0	1	0
      297	2020-02-10 12:42:50	123	0	1	0
      211	2020-02-10 12:42:54	123	0	1	0
      299	2020-02-10 12:42:58	123	0	1	0
     2200	2020-02-10 12:49:07	123	0	1	0
      264	2020-02-10 13:29:22	123	0	1	0
     2432	2020-02-10 14:42:03	123	0	1	0
     5023	2020-02-10 15:12:27	123	1	1	0
     2200	2020-02-10 17:00:48	123	1	1	0
      299	2020-02-10 17:00:55	123	1	1	0
      264	2020-02-10 17:00:57	123	1	1	0
      297	2020-02-10 17:01:04	123	1	1	0
      298	2020-02-10 17:01:06	123	1	1	0
     5001	2020-02-10 17:01:24	123	1	1	0
      211	2020-02-10 17:01:47	123	1	1	0
     5006	2020-02-10 17:03:14	123	1	1	0
     5076	2020-02-10 22:30:15	123	0	1	0
     2432	2020-02-10 23:01:17	123	1	1	0
     5023	2020-02-11 06:43:38	123	0	1	0
     2200	2020-02-11 06:47:11	123	0	1	0
     5076	2020-02-11 07:00:35	123	1	1	0
     5001	2020-02-11 07:28:43	123	0	1	0
      299	2020-02-11 07:41:55	123	0	1	0
      863	2020-02-11 07:55:38	123	0	1	0
      211	2020-02-11 07:57:14	123	0	1	0
      298	2020-02-11 08:10:40	123	0	1	0
      264	2020-02-11 08:21:56	123	0	1	0
      297	2020-02-11 08:53:33	123	0	1	0
     5006	2020-02-11 09:07:30	123	0	1	0
      256	2020-02-11 09:35:36	123	0	1	0
     2200	2020-02-11 12:00:10	123	1	1	0
      863	2020-02-11 12:00:13	123	1	1	0
      298	2020-02-11 12:00:21	123	1	1	0
     5006	2020-02-11 12:00:48	123	1	1	0
      211	2020-02-11 12:02:34	123	1	1	0
     5001	2020-02-11 12:06:06	123	0	1	0
      300	2020-02-11 12:16:21	123	0	1	0
      299	2020-02-11 12:37:27	123	0	1	0
      297	2020-02-11 12:37:31	123	0	1	0
      256	2020-02-11 12:38:36	123	1	1	0
      298	2020-02-11 12:40:54	123	0	1	0
     5006	2020-02-11 12:41:00	123	0	1	0
      863	2020-02-11 12:41:04	123	0	1	0
      211	2020-02-11 12:41:40	123	0	1	0
      313	2020-02-11 12:46:27	123	0	1	0
     5001	2020-02-11 12:50:40	123	0	1	0
      256	2020-02-11 12:58:21	123	0	1	0
     2432	2020-02-11 14:49:08	123	0	1	0
     2200	2020-02-11 17:00:17	123	1	1	0
      863	2020-02-11 17:00:41	123	1	1	0
      298	2020-02-11 17:00:45	123	1	1	0
     5006	2020-02-11 17:00:54	123	0	1	0
      299	2020-02-11 17:01:10	123	1	1	0
      256	2020-02-11 17:01:48	123	1	1	0
      264	2020-02-11 17:02:16	123	1	1	0
      297	2020-02-11 17:03:26	123	1	1	0
     5001	2020-02-11 17:06:12	123	1	1	0
     5076	2020-02-11 22:42:56	123	0	1	0
     2432	2020-02-11 23:00:38	123	1	1	0
     2200	2020-02-12 06:47:53	123	0	1	0
     5023	2020-02-12 06:55:25	123	0	1	0
     5076	2020-02-12 07:00:07	123	1	1	0
     5006	2020-02-12 07:44:40	123	0	1	0
      299	2020-02-12 07:47:23	123	0	1	0
     5001	2020-02-12 07:50:55	123	0	1	0
      211	2020-02-12 07:55:20	123	0	1	0
      863	2020-02-12 08:05:06	123	0	1	0
      264	2020-02-12 08:14:19	123	0	1	0
      297	2020-02-12 08:25:48	123	0	1	0
     5006	2020-02-12 12:00:07	123	1	1	0
     2200	2020-02-12 12:00:17	123	1	1	0
      264	2020-02-12 12:00:20	123	1	1	0
      863	2020-02-12 12:00:29	123	1	1	0
      211	2020-02-12 12:02:22	123	1	1	0
      297	2020-02-12 12:04:38	123	1	1	0
     5001	2020-02-12 12:04:52	123	1	1	0
      299	2020-02-12 12:06:55	123	0	1	0
      299	2020-02-12 12:07:00	123	1	1	0
      256	2020-02-12 12:08:11	123	1	1	0
      211	2020-02-12 12:34:05	123	0	1	0
      863	2020-02-12 12:34:26	123	0	1	0
      297	2020-02-12 12:35:14	123	0	1	0
      299	2020-02-12 12:35:21	123	0	1	0
     5006	2020-02-12 12:39:16	123	0	1	0
     2200	2020-02-12 12:48:35	123	0	1	0
      264	2020-02-12 13:02:02	123	0	1	0
      256	2020-02-12 13:03:04	123	0	1	0
     5001	2020-02-12 13:08:53	123	0	1	0
     2432	2020-02-12 14:36:44	123	0	1	0
     5023	2020-02-12 15:11:05	123	1	1	0
     2200	2020-02-12 17:00:28	123	1	1	0
      863	2020-02-12 17:00:48	123	1	1	0
      211	2020-02-12 17:01:07	123	1	1	0
      299	2020-02-12 17:01:13	123	1	1	0
      264	2020-02-12 17:01:21	123	1	1	0
     5001	2020-02-12 17:01:29	123	1	1	0
      297	2020-02-12 17:01:38	123	1	1	0
      256	2020-02-12 17:03:13	123	1	1	0
     5006	2020-02-12 17:05:44	123	1	1	0
     5076	2020-02-12 22:36:12	123	0	1	0
     2432	2020-02-12 23:01:08	123	1	1	0
     5023	2020-02-13 06:50:44	123	0	1	0
     2200	2020-02-13 06:51:45	123	0	1	0
     5001	2020-02-13 08:01:31	123	0	1	0
      298	2020-02-13 08:02:51	123	0	1	0
      211	2020-02-13 08:07:07	123	0	1	0
      297	2020-02-13 08:13:49	123	0	1	0
      264	2020-02-13 08:18:33	123	0	1	0
     5006	2020-02-13 08:29:10	123	0	1	0
      300	2020-02-13 08:33:23	123	0	1	0
      863	2020-02-13 08:45:37	123	0	1	0
      264	2020-02-13 12:00:09	123	1	1	0
     2200	2020-02-13 12:00:14	123	1	1	0
      298	2020-02-13 12:00:30	123	1	1	0
      211	2020-02-13 12:01:19	123	1	1	0
      297	2020-02-13 12:02:26	123	1	1	0
      299	2020-02-13 12:02:35	123	1	1	0
      863	2020-02-13 12:03:03	123	1	1	0
     5001	2020-02-13 12:03:22	123	1	1	0
     5006	2020-02-13 12:03:42	123	1	1	0
      211	2020-02-13 12:40:43	123	0	1	0
     5006	2020-02-13 12:42:56	123	0	1	0
      863	2020-02-13 12:44:59	123	0	1	0
      298	2020-02-13 12:45:02	123	0	1	0
     2200	2020-02-13 12:54:37	123	0	1	0
      297	2020-02-13 12:56:12	123	0	1	0
     5023	2020-02-13 15:05:49	123	1	1	0
     2200	2020-02-13 17:00:06	123	1	1	0
     5006	2020-02-13 17:00:10	123	1	1	0
      298	2020-02-13 17:00:20	123	1	1	0
      264	2020-02-13 17:00:32	123	1	1	0
     5001	2020-02-13 17:00:49	123	1	1	0
      863	2020-02-13 17:00:52	123	1	1	0
      211	2020-02-13 17:01:05	123	1	1	0
      297	2020-02-13 17:01:11	123	1	1	0
      299	2020-02-13 17:01:19	123	1	1	0
     5076	2020-02-13 22:33:29	123	0	1	0
     2432	2020-02-13 23:01:08	123	1	1	0
     2200	2020-02-14 06:47:28	123	0	1	0
     5023	2020-02-14 06:56:50	123	0	1	0
     5076	2020-02-14 07:00:44	123	1	1	0
      299	2020-02-14 07:26:41	123	0	1	0
     5001	2020-02-14 07:31:04	123	0	1	0
      209	2020-02-14 07:50:33	123	0	1	0
      863	2020-02-14 07:53:11	123	0	1	0
      264	2020-02-14 07:56:28	123	0	1	0
      211	2020-02-14 08:10:23	123	1	1	0
      297	2020-02-14 08:52:49	123	0	1	0
     2200	2020-02-14 12:00:46	123	1	1	0
      264	2020-02-14 12:00:51	123	1	1	0
     5001	2020-02-14 12:01:03	123	1	1	0
      211	2020-02-14 12:01:13	123	1	1	0
      299	2020-02-14 12:04:10	123	1	1	0
      297	2020-02-14 12:04:45	123	1	1	0
      209	2020-02-14 12:10:36	123	1	1	0
     5006	2020-02-14 12:20:13	123	1	1	0
     5001	2020-02-14 12:20:35	123	0	1	0
      299	2020-02-14 12:40:11	123	0	1	0
     5006	2020-02-14 12:40:16	123	0	1	0
      297	2020-02-14 12:40:26	123	0	1	0
      211	2020-02-14 12:40:41	123	0	1	0
     2200	2020-02-14 12:53:53	123	0	1	0
      264	2020-02-14 12:58:28	123	0	1	0
      209	2020-02-14 13:02:01	123	0	1	0
      264	2020-02-14 17:00:05	123	1	1	0
     2200	2020-02-14 17:00:14	123	1	1	0
      297	2020-02-14 17:00:38	123	1	1	0
      258	2020-02-14 17:01:19	123	1	1	0
      299	2020-02-14 17:05:17	123	1	1	0
      863	2020-02-14 17:10:21	123	1	1	0
     5001	2020-02-14 17:14:58	123	1	1	0
     5006	2020-02-14 17:15:38	123	1	1	0
     5076	2020-02-14 22:33:11	123	0	1	0
     2432	2020-02-14 23:01:23	123	1	1	0
     5023	2020-02-17 06:55:59	123	0	1	0
      222	2020-02-17 07:00:16	123	0	1	0
      864	2020-02-17 07:48:25	123	0	1	0
      257	2020-02-17 07:48:38	123	0	1	0
      209	2020-02-17 07:49:47	123	0	1	0
      258	2020-02-17 07:55:42	123	0	1	0
     5003	2020-02-17 07:58:13	123	0	1	0
      299	2020-02-17 07:58:50	123	0	1	0
     5007	2020-02-17 07:58:56	123	0	1	0
     5006	2020-02-17 08:09:15	123	0	1	0
      264	2020-02-17 08:09:47	123	0	1	0
      217	2020-02-17 08:27:03	123	0	1	0
      258	2020-02-17 12:00:10	123	1	1	0
     5003	2020-02-17 12:00:14	123	1	1	0
     5006	2020-02-17 12:00:18	123	1	1	0
      217	2020-02-17 12:01:17	123	0	1	0
      217	2020-02-17 12:01:28	123	1	1	0
      864	2020-02-17 12:02:48	123	0	1	0
      864	2020-02-17 12:02:53	123	1	1	0
      264	2020-02-17 12:03:32	123	1	1	0
      257	2020-02-17 12:04:59	123	1	1	0
      222	2020-02-17 12:05:48	123	1	1	0
      209	2020-02-17 12:08:03	123	1	1	0
      222	2020-02-17 12:30:23	123	0	1	0
     5007	2020-02-17 12:30:51	123	1	1	0
      217	2020-02-17 12:31:23	123	0	1	0
      864	2020-02-17 12:32:06	123	0	1	0
     5003	2020-02-17 12:32:16	123	0	1	0
     5006	2020-02-17 12:39:27	123	0	1	0
      257	2020-02-17 12:45:17	123	0	1	0
      209	2020-02-17 12:52:03	123	1	1	0
      209	2020-02-17 12:52:11	123	0	1	0
      258	2020-02-17 12:53:15	123	0	1	0
     5007	2020-02-17 13:06:01	123	0	1	0
     5023	2020-02-17 15:17:18	123	0	1	0
     5023	2020-02-17 15:17:23	123	1	1	0
      217	2020-02-17 17:00:16	123	1	1	0
     5007	2020-02-17 17:00:19	123	1	1	0
      264	2020-02-17 17:00:32	123	1	1	0
      258	2020-02-17 17:00:34	123	1	1	0
      222	2020-02-17 17:00:55	123	1	1	0
      257	2020-02-17 17:01:09	123	1	1	0
     5003	2020-02-17 17:02:29	123	0	1	0
      864	2020-02-17 17:03:06	123	1	1	0
     5006	2020-02-17 17:04:52	123	1	1	0
     5076	2020-02-17 22:32:51	123	0	1	0
     2432	2020-02-17 23:02:13	123	1	1	0
      222	2020-02-18 06:35:57	123	0	1	0
     5023	2020-02-18 06:58:26	123	0	1	0
     5076	2020-02-18 07:00:57	123	1	1	0
      299	2020-02-18 07:29:19	123	0	1	0
     5007	2020-02-18 07:43:00	123	0	1	0
      207	2020-02-18 07:57:33	123	0	1	0
     5006	2020-02-18 07:57:52	123	0	1	0
      217	2020-02-18 07:59:54	123	0	1	0
      258	2020-02-18 08:01:07	123	0	1	0
      209	2020-02-18 08:03:45	123	0	1	0
      864	2020-02-18 08:07:39	123	0	1	0
     5003	2020-02-18 08:17:44	123	0	1	0
      299	2020-02-18 12:00:10	123	1	1	0
      222	2020-02-18 12:00:19	123	1	1	0
      258	2020-02-18 12:00:36	123	1	1	0
      217	2020-02-18 12:00:41	123	1	1	0
      864	2020-02-18 12:00:55	123	0	1	0
      864	2020-02-18 12:01:01	123	1	1	0
     5007	2020-02-18 12:01:54	123	1	1	0
     5003	2020-02-18 12:04:23	123	0	1	0
     5006	2020-02-18 12:05:23	123	1	1	0
      209	2020-02-18 12:06:45	123	1	1	0
      222	2020-02-18 12:30:04	123	0	1	0
      864	2020-02-18 12:30:38	123	0	1	0
     5006	2020-02-18 12:34:39	123	0	1	0
     5007	2020-02-18 12:42:35	123	0	1	0
      299	2020-02-18 12:42:46	123	0	1	0
     5003	2020-02-18 12:42:59	123	0	1	0
      258	2020-02-18 12:55:43	123	0	1	0
      209	2020-02-18 13:03:11	123	0	1	0
      217	2020-02-18 13:24:46	123	0	1	0
      296	2020-02-18 14:22:42	123	0	1	0
     2432	2020-02-18 14:23:07	123	0	1	0
     5023	2020-02-18 15:04:59	123	1	1	0
      222	2020-02-18 17:00:14	123	1	1	0
      217	2020-02-18 17:00:45	123	0	1	0
      217	2020-02-18 17:00:54	123	1	1	0
     5007	2020-02-18 17:00:57	123	1	1	0
      299	2020-02-18 17:01:04	123	1	1	0
      258	2020-02-18 17:01:09	123	1	1	0
      864	2020-02-18 17:01:40	123	1	1	0
     5003	2020-02-18 17:03:05	123	0	1	0
     5003	2020-02-18 17:03:16	123	1	1	0
     5006	2020-02-18 17:03:18	123	1	1	0
      209	2020-02-18 17:21:32	123	1	1	0
      296	2020-02-18 17:40:50	123	1	1	0
     5076	2020-02-18 22:32:45	123	0	1	0
     2432	2020-02-18 23:01:22	123	1	1	0
      222	2020-02-19 06:34:06	123	0	1	0
     5023	2020-02-19 06:44:21	123	0	1	0
     5076	2020-02-19 07:01:36	123	1	1	0
      264	2020-02-19 07:31:16	123	0	1	0
      299	2020-02-19 07:50:42	123	0	1	0
     5007	2020-02-19 07:50:49	123	0	1	0
      257	2020-02-19 07:52:07	123	0	1	0
      209	2020-02-19 07:57:10	123	0	1	0
      864	2020-02-19 08:09:58	123	0	1	0
      258	2020-02-19 08:11:31	123	0	1	0
     5003	2020-02-19 09:01:32	123	0	1	0
      217	2020-02-19 09:08:14	123	0	1	0
     5006	2020-02-19 10:06:10	123	0	1	0
      222	2020-02-19 12:00:36	123	1	1	0
      264	2020-02-19 12:00:39	123	1	1	0
      258	2020-02-19 12:00:52	123	1	1	0
     5006	2020-02-19 12:02:11	123	1	1	0
      299	2020-02-19 12:02:17	123	1	1	0
      257	2020-02-19 12:02:29	123	1	1	0
      217	2020-02-19 12:02:33	123	1	1	0
     5003	2020-02-19 12:17:26	123	0	1	0
     5003	2020-02-19 12:17:31	123	1	1	0
      209	2020-02-19 12:17:35	123	1	1	0
      864	2020-02-19 12:17:40	123	1	1	0
      222	2020-02-19 12:31:04	123	0	1	0
      217	2020-02-19 12:31:15	123	0	1	0
      257	2020-02-19 12:34:35	123	0	1	0
      299	2020-02-19 12:34:38	123	0	1	0
     5007	2020-02-19 12:34:45	123	0	1	0
      864	2020-02-19 12:35:15	123	0	1	0
     5003	2020-02-19 12:35:19	123	0	1	0
      264	2020-02-19 12:50:27	123	0	1	0
     5006	2020-02-19 12:57:56	123	0	1	0
      258	2020-02-19 12:58:36	123	0	1	0
      209	2020-02-19 13:18:02	123	0	1	0
     2432	2020-02-19 14:50:16	123	0	1	0
     5006	2020-02-19 17:00:07	123	1	1	0
      257	2020-02-19 17:00:08	123	1	1	0
      264	2020-02-19 17:00:10	123	1	1	0
      217	2020-02-19 17:00:13	123	1	1	0
      258	2020-02-19 17:00:18	123	1	1	0
      222	2020-02-19 17:00:26	123	1	1	0
      864	2020-02-19 17:00:37	123	1	1	0
     5007	2020-02-19 17:00:47	123	1	1	0
     5003	2020-02-19 17:02:48	123	0	1	0
     5076	2020-02-19 22:32:34	123	0	1	0
     2432	2020-02-19 23:01:48	123	1	1	0
      222	2020-02-20 06:31:02	123	0	1	0
     5023	2020-02-20 06:49:18	123	0	1	0
     5076	2020-02-20 07:01:52	123	1	1	0
     5006	2020-02-20 07:45:46	123	0	1	0
      264	2020-02-20 07:55:47	123	0	1	0
      258	2020-02-20 07:56:24	123	0	1	0
     5007	2020-02-20 08:04:52	123	0	1	0
      864	2020-02-20 08:07:29	123	0	1	0
      209	2020-02-20 08:20:26	123	0	1	0
     5003	2020-02-20 08:57:33	123	0	1	0
      222	2020-02-20 12:00:16	123	1	1	0
     5006	2020-02-20 12:00:32	123	1	1	0
      258	2020-02-20 12:00:58	123	1	1	0
     5003	2020-02-20 12:01:15	123	0	1	0
      264	2020-02-20 12:02:48	123	1	1	0
     5007	2020-02-20 12:09:09	123	0	1	0
     5007	2020-02-20 12:09:16	123	1	1	0
      209	2020-02-20 12:10:41	123	1	1	0
      864	2020-02-20 12:29:50	123	1	1	0
      222	2020-02-20 12:30:07	123	0	1	0
     5006	2020-02-20 12:43:01	123	0	1	0
      209	2020-02-20 12:43:20	123	0	1	0
      297	2020-02-20 12:48:40	123	0	1	0
     5003	2020-02-20 12:49:02	123	0	1	0
      258	2020-02-20 12:50:41	123	0	1	0
      264	2020-02-20 12:55:48	123	0	1	0
      217	2020-02-20 13:33:56	123	0	1	0
     2432	2020-02-20 14:35:09	123	0	1	0
     5023	2020-02-20 15:00:21	123	1	1	0
      258	2020-02-20 17:00:09	123	1	1	0
      264	2020-02-20 17:00:12	123	1	1	0
     5003	2020-02-20 17:00:37	123	1	1	0
     5006	2020-02-20 17:00:42	123	1	1	0
      222	2020-02-20 17:01:12	123	1	1	0
      297	2020-02-20 17:01:23	123	1	1	0
      299	2020-02-20 17:01:32	123	1	1	0
      257	2020-02-20 17:01:35	123	1	1	0
     5007	2020-02-20 17:01:54	123	1	1	0
      217	2020-02-20 17:02:40	123	0	1	0
      864	2020-02-20 17:02:52	123	1	1	0
      209	2020-02-20 17:23:43	123	1	1	0
     5076	2020-02-20 22:38:15	123	0	1	0
     2432	2020-02-20 23:00:32	123	1	1	0
      222	2020-02-21 06:30:03	123	0	1	0
     5023	2020-02-21 06:46:08	123	0	1	0
     5076	2020-02-21 07:00:49	123	1	1	0
      299	2020-02-21 07:22:14	123	0	1	0
     5007	2020-02-21 07:45:47	123	0	1	0
      257	2020-02-21 07:47:54	123	0	1	0
      264	2020-02-21 07:57:27	123	0	1	0
      258	2020-02-21 07:57:38	123	0	1	0
      864	2020-02-21 08:11:43	123	0	1	0
      209	2020-02-21 08:22:40	123	0	1	0
     5006	2020-02-21 08:48:58	123	0	1	0
     5003	2020-02-21 08:53:59	123	0	1	0
      258	2020-02-21 12:00:02	123	1	1	0
      264	2020-02-21 12:00:04	123	1	1	0
      257	2020-02-21 12:00:05	123	1	1	0
      222	2020-02-21 12:00:26	123	1	1	0
     5007	2020-02-21 12:01:32	123	0	1	0
     5007	2020-02-21 12:01:36	123	1	1	0
     5006	2020-02-21 12:01:38	123	1	1	0
     5003	2020-02-21 12:01:41	123	1	1	0
      299	2020-02-21 12:06:43	123	0	1	0
      864	2020-02-21 12:07:05	123	1	1	0
      209	2020-02-21 12:07:34	123	1	1	0
      222	2020-02-21 12:30:04	123	0	1	0
     5003	2020-02-21 12:30:15	123	0	1	0
     5003	2020-02-21 12:40:48	123	0	1	0
      257	2020-02-21 12:49:23	123	0	1	0
      299	2020-02-21 12:49:27	123	0	1	0
      222	2020-02-21 12:49:53	123	0	1	0
      258	2020-02-21 12:51:51	123	0	1	0
     5006	2020-02-21 12:53:08	123	0	1	0
     5007	2020-02-21 12:54:05	123	0	1	0
      264	2020-02-21 12:54:08	123	0	1	0
      209	2020-02-21 13:12:08	123	0	1	0
     5003	2020-02-21 17:00:22	123	1	1	0
      222	2020-02-21 17:00:26	123	1	1	0
      264	2020-02-21 17:00:35	123	1	1	0
      207	2020-02-21 17:00:39	123	1	1	0
      257	2020-02-21 17:00:44	123	1	1	0
      299	2020-02-21 17:00:51	123	1	1	0
      258	2020-02-21 17:01:04	123	1	1	0
     5007	2020-02-21 17:01:16	123	1	1	0
     5006	2020-02-21 17:01:19	123	1	1	0
      864	2020-02-21 17:01:25	123	1	1	0
     5076	2020-02-21 22:38:01	123	0	1	0
     2432	2020-02-21 23:02:08	123	1	1	0
     5076	2020-02-22 07:00:27	123	1	1	0
     2200	2020-02-24 06:41:03	123	0	1	0
     5023	2020-02-24 06:45:17	123	0	1	0
      298	2020-02-24 07:31:44	123	0	1	0
      299	2020-02-24 07:40:18	123	0	1	0
     5006	2020-02-24 07:47:58	123	0	1	0
      264	2020-02-24 07:55:06	123	0	1	0
      258	2020-02-24 07:56:13	123	0	1	0
      211	2020-02-24 08:05:39	123	0	1	0
     5001	2020-02-24 08:12:41	123	0	1	0
      264	2020-02-24 12:00:04	123	1	1	0
     2200	2020-02-24 12:00:22	123	1	1	0
      298	2020-02-24 12:00:41	123	1	1	0
     5006	2020-02-24 12:02:22	123	1	1	0
     5001	2020-02-24 12:02:57	123	1	1	0
      211	2020-02-24 12:03:51	123	1	1	0
      258	2020-02-24 12:04:47	123	1	1	0
      297	2020-02-24 12:28:41	123	0	1	0
      298	2020-02-24 12:30:11	123	0	1	0
      211	2020-02-24 12:34:19	123	0	1	0
      299	2020-02-24 12:34:38	123	0	1	0
     5006	2020-02-24 12:37:51	123	0	1	0
     5001	2020-02-24 12:54:23	123	0	1	0
      264	2020-02-24 12:57:26	123	0	1	0
     2432	2020-02-24 14:32:07	123	0	1	0
     5023	2020-02-24 15:00:34	123	1	1	0
      264	2020-02-24 17:00:18	123	1	1	0
      297	2020-02-24 17:00:34	123	1	1	0
      299	2020-02-24 17:00:51	123	1	1	0
      298	2020-02-24 17:03:50	123	1	1	0
     2200	2020-02-24 17:03:56	123	1	1	0
     5006	2020-02-24 17:07:02	123	1	1	0
     5001	2020-02-24 17:24:06	123	1	1	0
     5076	2020-02-24 22:30:56	123	0	1	0
     2432	2020-02-24 23:00:11	123	1	1	0
     5076	2020-02-25 07:14:22	123	1	1	0
     5076	2020-02-25 22:36:02	123	0	1	0
     2432	2020-02-25 23:00:37	123	1	1	0
     2200	2020-02-26 06:48:29	123	0	1	0
     5023	2020-02-26 06:48:55	123	0	1	0
     5076	2020-02-26 07:00:09	123	1	1	0
      298	2020-02-26 07:24:10	123	0	1	0
      299	2020-02-26 07:43:54	123	0	1	0
      863	2020-02-26 07:45:21	123	0	1	0
      264	2020-02-26 07:48:44	123	0	1	0
     5001	2020-02-26 07:53:06	123	0	1	0
      258	2020-02-26 07:57:35	123	0	1	0
      297	2020-02-26 07:59:47	123	0	1	0
      209	2020-02-26 08:04:17	123	0	1	0
      211	2020-02-26 08:05:40	123	0	1	0
     5006	2020-02-26 08:44:52	123	0	1	0
     2200	2020-02-26 12:00:10	123	1	1	0
      264	2020-02-26 12:00:13	123	1	1	0
      297	2020-02-26 12:00:28	123	1	1	0
      258	2020-02-26 12:00:52	123	1	1	0
      298	2020-02-26 12:02:28	123	1	1	0
     5006	2020-02-26 12:05:24	123	1	1	0
      211	2020-02-26 12:05:49	123	1	1	0
      863	2020-02-26 12:10:20	123	1	1	0
      209	2020-02-26 12:16:47	123	1	1	0
     5001	2020-02-26 12:19:02	123	1	1	0
      297	2020-02-26 12:31:39	123	0	1	0
      298	2020-02-26 12:31:47	123	0	1	0
     5001	2020-02-26 12:36:36	123	0	1	0
      211	2020-02-26 12:49:36	123	0	1	0
      863	2020-02-26 12:50:01	123	0	1	0
      299	2020-02-26 12:50:09	123	0	1	0
     2200	2020-02-26 12:50:32	123	0	1	0
     5006	2020-02-26 12:57:35	123	0	1	0
      264	2020-02-26 12:59:08	123	0	1	0
      258	2020-02-26 12:59:12	123	0	1	0
      209	2020-02-26 13:03:35	123	0	1	0
     2432	2020-02-26 14:38:03	123	0	1	0
     5023	2020-02-26 15:01:16	123	1	1	0
     2200	2020-02-26 17:00:09	123	1	1	0
      298	2020-02-26 17:00:17	123	1	1	0
      264	2020-02-26 17:00:23	123	1	1	0
      258	2020-02-26 17:01:29	123	1	1	0
      299	2020-02-26 17:01:46	123	1	1	0
      211	2020-02-26 17:01:53	123	1	1	0
      297	2020-02-26 17:02:02	123	1	1	0
      863	2020-02-26 17:04:00	123	1	1	0
      209	2020-02-26 17:15:43	123	1	1	0
     5006	2020-02-26 17:15:46	123	1	1	0
     5001	2020-02-26 17:27:05	123	1	1	0
     5076	2020-02-26 22:33:56	123	0	1	0
     2432	2020-02-26 23:01:14	123	1	1	0
     5023	2020-02-27 06:43:09	123	0	1	0
     5076	2020-02-27 07:00:50	123	1	1	0
     5006	2020-02-27 07:32:47	123	0	1	0
      264	2020-02-27 07:54:41	123	0	1	0
      258	2020-02-27 07:58:28	123	0	1	0
      211	2020-02-27 08:01:26	123	0	1	0
      297	2020-02-27 08:03:19	123	0	1	0
      864	2020-02-27 08:04:36	123	0	1	0
      299	2020-02-27 08:07:12	123	0	1	0
      209	2020-02-27 08:18:06	123	0	1	0
     5001	2020-02-27 08:20:44	123	0	1	0
     5003	2020-02-27 08:27:33	123	0	1	0
      217	2020-02-27 08:53:36	123	0	1	0
     2200	2020-02-27 10:16:51	123	0	1	0
      264	2020-02-27 12:00:14	123	1	1	0
     2200	2020-02-27 12:00:39	123	1	1	0
      299	2020-02-27 12:00:43	123	1	1	0
      297	2020-02-27 12:00:46	123	1	1	0
      258	2020-02-27 12:00:58	123	1	1	0
     5006	2020-02-27 12:01:30	123	1	1	0
      211	2020-02-27 12:02:14	123	1	1	0
     5003	2020-02-27 12:02:36	123	1	1	0
      217	2020-02-27 12:02:48	123	0	1	0
      209	2020-02-27 12:05:25	123	1	1	0
      864	2020-02-27 12:05:38	123	1	1	0
     5001	2020-02-27 12:06:40	123	1	1	0
      297	2020-02-27 12:33:15	123	0	1	0
     5001	2020-02-27 12:39:49	123	0	1	0
      211	2020-02-27 12:40:00	123	0	1	0
      217	2020-02-27 12:40:08	123	0	1	0
      864	2020-02-27 12:48:25	123	0	1	0
      209	2020-02-27 12:52:29	123	0	1	0
     2200	2020-02-27 12:52:50	123	0	1	0
      258	2020-02-27 12:58:15	123	0	1	0
     5006	2020-02-27 13:09:35	123	0	1	0
      264	2020-02-27 13:09:43	123	0	1	0
     5003	2020-02-27 13:18:49	123	0	1	0
     2432	2020-02-27 14:34:17	123	0	1	0
     5023	2020-02-27 15:03:11	123	1	1	0
      297	2020-02-27 17:00:17	123	1	1	0
      264	2020-02-27 17:00:22	123	1	1	0
      299	2020-02-27 17:00:23	123	1	1	0
     2200	2020-02-27 17:00:27	123	1	1	0
      217	2020-02-27 17:00:31	123	1	1	0
     5003	2020-02-27 17:00:59	123	1	1	0
      864	2020-02-27 17:02:04	123	1	1	0
      211	2020-02-27 17:02:07	123	1	1	0
     5003	2020-02-27 17:02:11	123	1	1	0
     5006	2020-02-27 17:05:46	123	1	1	0
      209	2020-02-27 17:18:03	123	1	1	0
     5001	2020-02-27 18:59:53	123	1	1	0
     5076	2020-02-27 22:32:52	123	0	1	0
     2432	2020-02-27 23:01:09	123	1	1	0
     2200	2020-02-28 06:48:10	123	0	1	0
     5023	2020-02-28 06:48:48	123	0	1	0
     5076	2020-02-28 07:04:38	123	1	1	0
      297	2020-02-28 07:55:37	123	0	1	0
      264	2020-02-28 07:55:58	123	0	1	0
      209	2020-02-28 07:56:58	123	0	1	0
     5003	2020-02-28 07:57:03	123	0	1	0
      863	2020-02-28 07:58:19	123	0	1	0
      258	2020-02-28 07:58:58	123	0	1	0
      211	2020-02-28 08:13:22	123	0	1	0
     5006	2020-02-28 08:22:26	123	0	1	0
      864	2020-02-28 08:24:55	123	0	1	0
      217	2020-02-28 08:50:11	123	0	1	0
     5001	2020-02-28 09:06:24	123	0	1	0
      209	2020-02-28 12:00:07	123	1	1	0
      217	2020-02-28 12:00:15	123	1	1	0
      264	2020-02-28 12:00:17	123	1	1	0
      258	2020-02-28 12:00:38	123	1	1	0
     2200	2020-02-28 12:00:57	123	1	1	0
      297	2020-02-28 12:01:22	123	1	1	0
      299	2020-02-28 12:01:38	123	1	1	0
     5006	2020-02-28 12:02:51	123	1	1	0
      863	2020-02-28 12:05:37	123	1	1	0
     5001	2020-02-28 12:05:45	123	1	1	0
      211	2020-02-28 12:08:29	123	0	1	0
     5003	2020-02-28 12:18:58	123	0	1	0
     5003	2020-02-28 12:19:11	123	1	1	0
     5006	2020-02-28 12:31:11	123	0	1	0
      217	2020-02-28 12:42:42	123	0	1	0
      211	2020-02-28 12:43:53	123	0	1	0
      209	2020-02-28 12:45:20	123	1	1	0
      297	2020-02-28 12:46:54	123	0	1	0
      299	2020-02-28 12:47:07	123	0	1	0
     5007	2020-02-28 12:47:11	123	0	1	0
     5001	2020-02-28 12:48:40	123	0	1	0
      863	2020-02-28 12:49:02	123	0	1	0
      864	2020-02-28 12:49:17	123	0	1	0
      264	2020-02-28 12:57:04	123	0	1	0
      258	2020-02-28 12:57:38	123	0	1	0
     2200	2020-02-28 12:59:19	123	0	1	0
     5003	2020-02-28 13:00:12	123	0	1	0
     5023	2020-02-28 15:00:18	123	1	1	0
      264	2020-02-28 17:00:01	123	1	1	0
     5007	2020-02-28 17:00:04	123	1	1	0
      299	2020-02-28 17:00:07	123	1	1	0
      297	2020-02-28 17:00:09	123	1	1	0
      211	2020-02-28 17:00:13	123	1	1	0
      258	2020-02-28 17:00:15	123	1	1	0
      864	2020-02-28 17:00:17	123	1	1	0
     2200	2020-02-28 17:00:20	123	1	1	0
     5006	2020-02-28 17:00:29	123	1	1	0
      209	2020-02-28 17:01:05	123	1	1	0
     5076	2020-02-28 22:33:23	123	0	1	0
     5023	2020-02-28 23:03:40	123	1	1	0
     5076	2020-02-29 07:02:13	123	1	1	0
     2200	2020-03-02 07:01:52	123	0	1	0
     2432	2020-03-02 07:01:55	123	0	1	0
      222	2020-03-02 07:02:03	123	0	1	0
      264	2020-03-02 07:37:28	123	0	1	0
      298	2020-03-02 07:38:09	123	0	1	0
     5007	2020-03-02 07:49:16	123	0	1	0
      209	2020-03-02 07:56:52	123	0	1	0
     5006	2020-03-02 08:12:45	123	0	1	0
      211	2020-03-02 08:14:26	123	0	1	0
      258	2020-03-02 08:17:46	123	0	1	0
